   1   2   3
   2   4   6
   3   6   9
------------------------
   2   3   4
   4   6   8
   6   9  12
------------------------
   3   4   5
   6   8  10
   9  12  15
------------------------
   4   5   6
   8  10  12
  12  15  18
------------------------
   5   6   7
  10  12  14
  15  18  21
------------------------
   6   7   8
  12  14  16
  18  21  24
------------------------
   7   8   9
  14  16  18
  21  24  27
------------------------
   8   9  10
  16  18  20
  24  27  30
------------------------
   9  10  11
  18  20  22
  27  30  33
------------------------
  10  11  12
  20  22  24
  30  33  36
------------------------
  11  12  13
  22  24  26
  33  36  39
------------------------
  12  13  14
  24  26  28
  36  39  42
------------------------
  13  14  15
  26  28  30
  39  42  45
------------------------
  14  15  16
  28  30  32
  42  45  48
------------------------
   2   4   6
   3   6   9
   4   8  12
------------------------
   4   6   8
   6   9  12
   8  12  16
------------------------
   6   8  10
   9  12  15
  12  16  20
------------------------
   8  10  12
  12  15  18
  16  20  24
------------------------
  10  12  14
  15  18  21
  20  24  28
------------------------
  12  14  16
  18  21  24
  24  28  32
------------------------
  14  16  18
  21  24  27
  28  32  36
------------------------
  16  18  20
  24  27  30
  32  36  40
------------------------
  18  20  22
  27  30  33
  36  40  44
------------------------
  20  22  24
  30  33  36
  40  44  48
------------------------
  22  24  26
  33  36  39
  44  48  52
------------------------
  24  26  28
  36  39  42
  48  52  56
------------------------
  26  28  30
  39  42  45
  52  56  60
------------------------
  28  30  32
  42  45  48
  56  60  64
------------------------
   3   6   9
   4   8  12
   5  10  15
------------------------
   6   9  12
   8  12  16
  10  15  20
------------------------
   9  12  15
  12  16  20
  15  20  25
------------------------
  12  15  18
  16  20  24
  20  25  30
------------------------
  15  18  21
  20  24  28
  25  30  35
------------------------
  18  21  24
  24  28  32
  30  35  40
------------------------
  21  24  27
  28  32  36
  35  40  45
------------------------
  24  27  30
  32  36  40
  40  45  50
------------------------
  27  30  33
  36  40  44
  45  50  55
------------------------
  30  33  36
  40  44  48
  50  55  60
------------------------
  33  36  39
  44  48  52
  55  60  65
------------------------
  36  39  42
  48  52  56
  60  65  70
------------------------
  39  42  45
  52  56  60
  65  70  75
------------------------
  42  45  48
  56  60  64
  70  75  80
------------------------
   4   8  12
   5  10  15
   6  12  18
------------------------
   8  12  16
  10  15  20
  12  18  24
------------------------
  12  16  20
  15  20  25
  18  24  30
------------------------
  16  20  24
  20  25  30
  24  30  36
------------------------
  20  24  28
  25  30  35
  30  36  42
------------------------
  24  28  32
  30  35  40
  36  42  48
------------------------
  28  32  36
  35  40  45
  42  48  54
------------------------
  32  36  40
  40  45  50
  48  54  60
------------------------
  36  40  44
  45  50  55
  54  60  66
------------------------
  40  44  48
  50  55  60
  60  66  72
------------------------
  44  48  52
  55  60  65
  66  72  78
------------------------
  48  52  56
  60  65  70
  72  78  84
------------------------
  52  56  60
  65  70  75
  78  84  90
------------------------
  56  60  64
  70  75  80
  84  90  96
------------------------
   5  10  15
   6  12  18
   7  14  21
------------------------
  10  15  20
  12  18  24
  14  21  28
------------------------
  15  20  25
  18  24  30
  21  28  35
------------------------
  20  25  30
  24  30  36
  28  35  42
------------------------
  25  30  35
  30  36  42
  35  42  49
------------------------
  30  35  40
  36  42  48
  42  49  56
------------------------
  35  40  45
  42  48  54
  49  56  63
------------------------
  40  45  50
  48  54  60
  56  63  70
------------------------
  45  50  55
  54  60  66
  63  70  77
------------------------
  50  55  60
  60  66  72
  70  77  84
------------------------
  55  60  65
  66  72  78
  77  84  91
------------------------
  60  65  70
  72  78  84
  84  91  98
------------------------
  65  70  75
  78  84  90
  91  98 105
------------------------
  70  75  80
  84  90  96
  98 105 112
------------------------
   6  12  18
   7  14  21
   8  16  24
------------------------
  12  18  24
  14  21  28
  16  24  32
------------------------
  18  24  30
  21  28  35
  24  32  40
------------------------
  24  30  36
  28  35  42
  32  40  48
------------------------
  30  36  42
  35  42  49
  40  48  56
------------------------
  36  42  48
  42  49  56
  48  56  64
------------------------
  42  48  54
  49  56  63
  56  64  72
------------------------
  48  54  60
  56  63  70
  64  72  80
------------------------
  54  60  66
  63  70  77
  72  80  88
------------------------
  60  66  72
  70  77  84
  80  88  96
------------------------
  66  72  78
  77  84  91
  88  96 104
------------------------
  72  78  84
  84  91  98
  96 104 112
------------------------
  78  84  90
  91  98 105
 104 112 120
------------------------
  84  90  96
  98 105 112
 112 120 128
------------------------
   7  14  21
   8  16  24
   9  18  27
------------------------
  14  21  28
  16  24  32
  18  27  36
------------------------
  21  28  35
  24  32  40
  27  36  45
------------------------
  28  35  42
  32  40  48
  36  45  54
------------------------
  35  42  49
  40  48  56
  45  54  63
------------------------
  42  49  56
  48  56  64
  54  63  72
------------------------
  49  56  63
  56  64  72
  63  72  81
------------------------
  56  63  70
  64  72  80
  72  81  90
------------------------
  63  70  77
  72  80  88
  81  90  99
------------------------
  70  77  84
  80  88  96
  90  99 108
------------------------
  77  84  91
  88  96 104
  99 108 117
------------------------
  84  91  98
  96 104 112
 108 117 126
------------------------
  91  98 105
 104 112 120
 117 126 135
------------------------
  98 105 112
 112 120 128
 126 135 144
------------------------
   8  16  24
   9  18  27
  10  20  30
------------------------
  16  24  32
  18  27  36
  20  30  40
------------------------
  24  32  40
  27  36  45
  30  40  50
------------------------
  32  40  48
  36  45  54
  40  50  60
------------------------
  40  48  56
  45  54  63
  50  60  70
------------------------
  48  56  64
  54  63  72
  60  70  80
------------------------
  56  64  72
  63  72  81
  70  80  90
------------------------
  64  72  80
  72  81  90
  80  90 100
------------------------
  72  80  88
  81  90  99
  90 100 110
------------------------
  80  88  96
  90  99 108
 100 110 120
------------------------
  88  96 104
  99 108 117
 110 120 130
------------------------
  96 104 112
 108 117 126
 120 130 140
------------------------
 104 112 120
 117 126 135
 130 140 150
------------------------
 112 120 128
 126 135 144
 140 150 160
------------------------
   9  18  27
  10  20  30
  11  22  33
------------------------
  18  27  36
  20  30  40
  22  33  44
------------------------
  27  36  45
  30  40  50
  33  44  55
------------------------
  36  45  54
  40  50  60
  44  55  66
------------------------
  45  54  63
  50  60  70
  55  66  77
------------------------
  54  63  72
  60  70  80
  66  77  88
------------------------
  63  72  81
  70  80  90
  77  88  99
------------------------
  72  81  90
  80  90 100
  88  99 110
------------------------
  81  90  99
  90 100 110
  99 110 121
------------------------
  90  99 108
 100 110 120
 110 121 132
------------------------
  99 108 117
 110 120 130
 121 132 143
------------------------
 108 117 126
 120 130 140
 132 143 154
------------------------
 117 126 135
 130 140 150
 143 154 165
------------------------
 126 135 144
 140 150 160
 154 165 176
------------------------
  10  20  30
  11  22  33
  12  24  36
------------------------
  20  30  40
  22  33  44
  24  36  48
------------------------
  30  40  50
  33  44  55
  36  48  60
------------------------
  40  50  60
  44  55  66
  48  60  72
------------------------
  50  60  70
  55  66  77
  60  72  84
------------------------
  60  70  80
  66  77  88
  72  84  96
------------------------
  70  80  90
  77  88  99
  84  96 108
------------------------
  80  90 100
  88  99 110
  96 108 120
------------------------
  90 100 110
  99 110 121
 108 120 132
------------------------
 100 110 120
 110 121 132
 120 132 144
------------------------
 110 120 130
 121 132 143
 132 144 156
------------------------
 120 130 140
 132 143 154
 144 156 168
------------------------
 130 140 150
 143 154 165
 156 168 180
------------------------
 140 150 160
 154 165 176
 168 180 192
------------------------
  11  22  33
  12  24  36
  13  26  39
------------------------
  22  33  44
  24  36  48
  26  39  52
------------------------
  33  44  55
  36  48  60
  39  52  65
------------------------
  44  55  66
  48  60  72
  52  65  78
------------------------
  55  66  77
  60  72  84
  65  78  91
------------------------
  66  77  88
  72  84  96
  78  91 104
------------------------
  77  88  99
  84  96 108
  91 104 117
------------------------
  88  99 110
  96 108 120
 104 117 130
------------------------
  99 110 121
 108 120 132
 117 130 143
------------------------
 110 121 132
 120 132 144
 130 143 156
------------------------
 121 132 143
 132 144 156
 143 156 169
------------------------
 132 143 154
 144 156 168
 156 169 182
------------------------
 143 154 165
 156 168 180
 169 182 195
------------------------
 154 165 176
 168 180 192
 182 195 208
------------------------
  12  24  36
  13  26  39
  14  28  42
------------------------
  24  36  48
  26  39  52
  28  42  56
------------------------
  36  48  60
  39  52  65
  42  56  70
------------------------
  48  60  72
  52  65  78
  56  70  84
------------------------
  60  72  84
  65  78  91
  70  84  98
------------------------
  72  84  96
  78  91 104
  84  98 112
------------------------
  84  96 108
  91 104 117
  98 112 126
------------------------
  96 108 120
 104 117 130
 112 126 140
------------------------
 108 120 132
 117 130 143
 126 140 154
------------------------
 120 132 144
 130 143 156
 140 154 168
------------------------
 132 144 156
 143 156 169
 154 168 182
------------------------
 144 156 168
 156 169 182
 168 182 196
------------------------
 156 168 180
 169 182 195
 182 196 210
------------------------
 168 180 192
 182 195 208
 196 210 224
------------------------
  13  26  39
  14  28  42
  15  30  45
------------------------
  26  39  52
  28  42  56
  30  45  60
------------------------
  39  52  65
  42  56  70
  45  60  75
------------------------
  52  65  78
  56  70  84
  60  75  90
------------------------
  65  78  91
  70  84  98
  75  90 105
------------------------
  78  91 104
  84  98 112
  90 105 120
------------------------
  91 104 117
  98 112 126
 105 120 135
------------------------
 104 117 130
 112 126 140
 120 135 150
------------------------
 117 130 143
 126 140 154
 135 150 165
------------------------
 130 143 156
 140 154 168
 150 165 180
------------------------
 143 156 169
 154 168 182
 165 180 195
------------------------
 156 169 182
 168 182 196
 180 195 210
------------------------
 169 182 195
 182 196 210
 195 210 225
------------------------
 182 195 208
 196 210 224
 210 225 240
------------------------
  14  28  42
  15  30  45
  16  32  48
------------------------
  28  42  56
  30  45  60
  32  48  64
------------------------
  42  56  70
  45  60  75
  48  64  80
------------------------
  56  70  84
  60  75  90
  64  80  96
------------------------
  70  84  98
  75  90 105
  80  96 112
------------------------
  84  98 112
  90 105 120
  96 112 128
------------------------
  98 112 126
 105 120 135
 112 128 144
------------------------
 112 126 140
 120 135 150
 128 144 160
------------------------
 126 140 154
 135 150 165
 144 160 176
------------------------
 140 154 168
 150 165 180
 160 176 192
------------------------
 154 168 182
 165 180 195
 176 192 208
------------------------
 168 182 196
 180 195 210
 192 208 224
------------------------
 182 196 210
 195 210 225
 208 224 240
------------------------
 196 210 224
 210 225 240
 224 240   1
------------------------
