  9   6   3   6   4   2   3   2   1 
 12   8   4   9   6   3   6   4   2 
 15  10   5  12   8   4   9   6   3 
 18  12   6  15  10   5  12   8   4 
 21  14   7  18  12   6  15  10   5 
 24  16   8  21  14   7  18  12   6 
 27  18   9  24  16   8  21  14   7 
 30  20  10  27  18   9  24  16   8 
 33  22  11  30  20  10  27  18   9 
 36  24  12  33  22  11  30  20  10 
 39  26  13  36  24  12  33  22  11 
 42  28  14  39  26  13  36  24  12 
 45  30  15  42  28  14  39  26  13 
 48  32  16  45  30  15  42  28  14 
---------------------------------------------------------------------
 12   9   6   8   6   4   4   3   2 
 16  12   8  12   9   6   8   6   4 
 20  15  10  16  12   8  12   9   6 
 24  18  12  20  15  10  16  12   8 
 28  21  14  24  18  12  20  15  10 
 32  24  16  28  21  14  24  18  12 
 36  27  18  32  24  16  28  21  14 
 40  30  20  36  27  18  32  24  16 
 44  33  22  40  30  20  36  27  18 
 48  36  24  44  33  22  40  30  20 
 52  39  26  48  36  24  44  33  22 
 56  42  28  52  39  26  48  36  24 
 60  45  30  56  42  28  52  39  26 
 64  48  32  60  45  30  56  42  28 
---------------------------------------------------------------------
 15  12   9  10   8   6   5   4   3 
 20  16  12  15  12   9  10   8   6 
 25  20  15  20  16  12  15  12   9 
 30  24  18  25  20  15  20  16  12 
 35  28  21  30  24  18  25  20  15 
 40  32  24  35  28  21  30  24  18 
 45  36  27  40  32  24  35  28  21 
 50  40  30  45  36  27  40  32  24 
 55  44  33  50  40  30  45  36  27 
 60  48  36  55  44  33  50  40  30 
 65  52  39  60  48  36  55  44  33 
 70  56  42  65  52  39  60  48  36 
 75  60  45  70  56  42  65  52  39 
 80  64  48  75  60  45  70  56  42 
---------------------------------------------------------------------
 18  15  12  12  10   8   6   5   4 
 24  20  16  18  15  12  12  10   8 
 30  25  20  24  20  16  18  15  12 
 36  30  24  30  25  20  24  20  16 
 42  35  28  36  30  24  30  25  20 
 48  40  32  42  35  28  36  30  24 
 54  45  36  48  40  32  42  35  28 
 60  50  40  54  45  36  48  40  32 
 66  55  44  60  50  40  54  45  36 
 72  60  48  66  55  44  60  50  40 
 78  65  52  72  60  48  66  55  44 
 84  70  56  78  65  52  72  60  48 
 90  75  60  84  70  56  78  65  52 
 96  80  64  90  75  60  84  70  56 
---------------------------------------------------------------------
 21  18  15  14  12  10   7   6   5 
 28  24  20  21  18  15  14  12  10 
 35  30  25  28  24  20  21  18  15 
 42  36  30  35  30  25  28  24  20 
 49  42  35  42  36  30  35  30  25 
 56  48  40  49  42  35  42  36  30 
 63  54  45  56  48  40  49  42  35 
 70  60  50  63  54  45  56  48  40 
 77  66  55  70  60  50  63  54  45 
 84  72  60  77  66  55  70  60  50 
 91  78  65  84  72  60  77  66  55 
 98  84  70  91  78  65  84  72  60 
105  90  75  98  84  70  91  78  65 
112  96  80 105  90  75  98  84  70 
---------------------------------------------------------------------
 24  21  18  16  14  12   8   7   6 
 32  28  24  24  21  18  16  14  12 
 40  35  30  32  28  24  24  21  18 
 48  42  36  40  35  30  32  28  24 
 56  49  42  48  42  36  40  35  30 
 64  56  48  56  49  42  48  42  36 
 72  63  54  64  56  48  56  49  42 
 80  70  60  72  63  54  64  56  48 
 88  77  66  80  70  60  72  63  54 
 96  84  72  88  77  66  80  70  60 
104  91  78  96  84  72  88  77  66 
112  98  84 104  91  78  96  84  72 
120 105  90 112  98  84 104  91  78 
128 112  96 120 105  90 112  98  84 
---------------------------------------------------------------------
 27  24  21  18  16  14   9   8   7 
 36  32  28  27  24  21  18  16  14 
 45  40  35  36  32  28  27  24  21 
 54  48  42  45  40  35  36  32  28 
 63  56  49  54  48  42  45  40  35 
 72  64  56  63  56  49  54  48  42 
 81  72  63  72  64  56  63  56  49 
 90  80  70  81  72  63  72  64  56 
 99  88  77  90  80  70  81  72  63 
108  96  84  99  88  77  90  80  70 
117 104  91 108  96  84  99  88  77 
126 112  98 117 104  91 108  96  84 
135 120 105 126 112  98 117 104  91 
144 128 112 135 120 105 126 112  98 
---------------------------------------------------------------------
 30  27  24  20  18  16  10   9   8 
 40  36  32  30  27  24  20  18  16 
 50  45  40  40  36  32  30  27  24 
 60  54  48  50  45  40  40  36  32 
 70  63  56  60  54  48  50  45  40 
 80  72  64  70  63  56  60  54  48 
 90  81  72  80  72  64  70  63  56 
100  90  80  90  81  72  80  72  64 
110  99  88 100  90  80  90  81  72 
120 108  96 110  99  88 100  90  80 
130 117 104 120 108  96 110  99  88 
140 126 112 130 117 104 120 108  96 
150 135 120 140 126 112 130 117 104 
160 144 128 150 135 120 140 126 112 
---------------------------------------------------------------------
 33  30  27  22  20  18  11  10   9 
 44  40  36  33  30  27  22  20  18 
 55  50  45  44  40  36  33  30  27 
 66  60  54  55  50  45  44  40  36 
 77  70  63  66  60  54  55  50  45 
 88  80  72  77  70  63  66  60  54 
 99  90  81  88  80  72  77  70  63 
110 100  90  99  90  81  88  80  72 
121 110  99 110 100  90  99  90  81 
132 120 108 121 110  99 110 100  90 
143 130 117 132 120 108 121 110  99 
154 140 126 143 130 117 132 120 108 
165 150 135 154 140 126 143 130 117 
176 160 144 165 150 135 154 140 126 
---------------------------------------------------------------------
 36  33  30  24  22  20  12  11  10 
 48  44  40  36  33  30  24  22  20 
 60  55  50  48  44  40  36  33  30 
 72  66  60  60  55  50  48  44  40 
 84  77  70  72  66  60  60  55  50 
 96  88  80  84  77  70  72  66  60 
108  99  90  96  88  80  84  77  70 
120 110 100 108  99  90  96  88  80 
132 121 110 120 110 100 108  99  90 
144 132 120 132 121 110 120 110 100 
156 143 130 144 132 120 132 121 110 
168 154 140 156 143 130 144 132 120 
180 165 150 168 154 140 156 143 130 
192 176 160 180 165 150 168 154 140 
---------------------------------------------------------------------
 39  36  33  26  24  22  13  12  11 
 52  48  44  39  36  33  26  24  22 
 65  60  55  52  48  44  39  36  33 
 78  72  66  65  60  55  52  48  44 
 91  84  77  78  72  66  65  60  55 
104  96  88  91  84  77  78  72  66 
117 108  99 104  96  88  91  84  77 
130 120 110 117 108  99 104  96  88 
143 132 121 130 120 110 117 108  99 
156 144 132 143 132 121 130 120 110 
169 156 143 156 144 132 143 132 121 
182 168 154 169 156 143 156 144 132 
195 180 165 182 168 154 169 156 143 
208 192 176 195 180 165 182 168 154 
---------------------------------------------------------------------
 42  39  36  28  26  24  14  13  12 
 56  52  48  42  39  36  28  26  24 
 70  65  60  56  52  48  42  39  36 
 84  78  72  70  65  60  56  52  48 
 98  91  84  84  78  72  70  65  60 
112 104  96  98  91  84  84  78  72 
126 117 108 112 104  96  98  91  84 
140 130 120 126 117 108 112 104  96 
154 143 132 140 130 120 126 117 108 
168 156 144 154 143 132 140 130 120 
182 169 156 168 156 144 154 143 132 
196 182 168 182 169 156 168 156 144 
210 195 180 196 182 168 182 169 156 
224 208 192 210 195 180 196 182 168 
---------------------------------------------------------------------
 45  42  39  30  28  26  15  14  13 
 60  56  52  45  42  39  30  28  26 
 75  70  65  60  56  52  45  42  39 
 90  84  78  75  70  65  60  56  52 
105  98  91  90  84  78  75  70  65 
120 112 104 105  98  91  90  84  78 
135 126 117 120 112 104 105  98  91 
150 140 130 135 126 117 120 112 104 
165 154 143 150 140 130 135 126 117 
180 168 156 165 154 143 150 140 130 
195 182 169 180 168 156 165 154 143 
210 196 182 195 182 169 180 168 156 
225 210 195 210 196 182 195 182 169 
240 224 208 225 210 195 210 196 182 
---------------------------------------------------------------------
 48  45  42  32  30  28  16  15  14 
 64  60  56  48  45  42  32  30  28 
 80  75  70  64  60  56  48  45  42 
 96  90  84  80  75  70  64  60  56 
112 105  98  96  90  84  80  75  70 
128 120 112 112 105  98  96  90  84 
144 135 126 128 120 112 112 105  98 
160 150 140 144 135 126 128 120 112 
176 165 154 160 150 140 144 135 126 
192 180 168 176 165 154 160 150 140 
208 195 182 192 180 168 176 165 154 
224 210 196 208 195 182 192 180 168 
240 225 210 224 210 196 208 195 182 
  0 240 224 240 225 210 224 210 196 
---------------------------------------------------------------------
